17840 18840 13971 14971
33451 34451 29693 30693
791 1791 2515 3515
81921 82921 94973 95973
75678 76678 53545 54545
90965 91965 11078 12078
69904 70904 67308 68308
7187 8187 56997 57997
34375 35375 60942 61942
57144 58144 24954 25954
92689 93689 41529 42529
37632 38632 15609 16609
35578 36578 70910 71910
96034 97034 20504 21504
59420 60420 97747 98747
43505 44505 77261 78261
11718 12718 76956 77956
6953 7953 12509 13509
79472 80472 88875 89875
7481 8481 55149 56149
42419 43419 98446 99446
66228 67228 12323 13323
65753 66753 73415 74415
69320 70320 128 1128
34357 35357 26463 27463
25083 26083 27046 28046
67992 68992 62715 63715
42656 43656 3570 4570
33625 34625 38690 39690
24074 25074 93045 94045
36436 37436 67579 68579
70305 71305 48154 49154
44535 45535 77259 78259
60664 61664 24006 25006
66133 67133 68145 69145
79155 80155 8552 9552
66591 67591 45383 46383
20875 21875 32344 33344
18798 19798 90196 91196
32472 33472 53156 54156
16659 17659 57555 58555
80202 81202 84652 85652
20270 21270 22858 23858
88222 89222 53896 54896
61548 62548 12296 13296
46940 47940 97985 98985
79875 80875 17245 18245
46139 47139 24410 25410
94505 95505 6802 7802
48416 49416 60638 61638
74948 75948 27571 28571
69190 70190 41539 42539
72954 73954 90066 91066
73883 74883 91752 92752
80261 81261 6355 7355
44907 45907 96920 97920
63911 64911 25109 26109
81571 82571 84181 85181
47968 48968 69793 70793
38076 39076 9516 10516
82089 83089 85017 86017
7500 8500 61964 62964
2262 3262 53640 54640
86374 87374 96767 97767
60443 61443 34789 35789
57404 58404 35390 36390
62361 63361 26594 27594
76929 77929 35314 36314
16659 17659 50812 51812
27066 28066 96921 97921
57167 58167 71974 72974
93841 94841 21077 22077
97083 98083 75412 76412
5258 6258 45051 46051
45204 46204 43335 44335
54567 55567 27292 28292
28351 29351 62068 63068
89257 90257 30614 31614
15708 16708 75630 76630
27381 28381 76151 77151
10419 11419 84786 85786
11541 12541 72780 73780
11379 12379 88470 89470
8093 9093 28039 29039
39282 40282 35160 36160
24959 25959 96449 97449
7133 8133 18799 19799
17526 18526 4216 5216
94212 95212 22784 23784
49267 50267 39415 40415
66119 67119 3834 4834
66708 67708 94471 95471
65903 66903 55964 56964
25085 26085 81611 82611
31593 32593 52466 53466
57761 58761 42013 43013
37252 38252 69303 70303
14792 15792 48631 49631
57773 58773 22886 23886
76671 77671 97055 98055
